33.4655
75.8774
89.3839
0
90.4708
89.3839
30.3604
80.3215
126.263
0
-9.17964
89.3839
33.4655
5.41383
89.3839
0
7.02515
126.263
33.4655
5.41383
89.3839
47.3274
40.6456
89.3839
30.3604
23.0894
128.793
47.3274
40.6456
89.3839
33.4655
75.8774
89.3839
42.936
49.9612
126.263
33.4655
75.8774
89.3839
47.3274
40.6456
89.3839
34.4737
67.2545
54.6535
47.3274
40.6456
89.3839
33.4655
5.41383
89.3839
48.7531
31.6751
64.4435
33.4655
5.41383
89.3839
0
-9.17964
89.3839
34.4736
1.54605
70.6075
0
90.4708
89.3839
33.4655
75.8774
89.3839
0
83.0013
59.3672
42.9869
60.0847
53.6379
56.662
31.5781
63.0135
42.9869
63.0983
27.0194
56.662
31.5781
63.0135
46.7371
2.72417
68.9167
56.662
26.9522
35.3533
34.4736
1.54605
70.6075
0
-19.651
59.3672
24.7537
-11.0834
36.3418
0
83.0013
59.3672
34.4737
67.2545
54.6535
0
78.171
35.5608
42.9869
63.0983
27.0194
56.662
26.9522
35.3533
36.2287
48.546
-6.55932
56.662
26.9522
35.3533
52.7536
-4.33239
36.395
47.1045
22.9872
-7.60108
24.7537
-11.0834
36.3418
0
-24.4813
35.5608
27.4168
-5.79671
3.39886
0
78.171
35.5608
34.4737
64.5883
26.8586
0
63.5242
-9.29184
27.4168
49.3928
-8.20406
38.7733
22.7046
-9.29184
19.0159
39.2738
-46.554
38.7733
22.7046
-9.29184
27.4168
-5.79671
3.39886
26.8925
19.2543
-46.554
27.4168
-5.79671
3.39886
0
-18.115
-9.29185
19.0159
-0.765116
-46.554
0
63.5242
-9.29184
27.4168
49.3928
-8.20406
0
47.5661
-46.554
19.0159
39.2738
-46.554
26.8925
19.2543
-46.554
13.8073
32.6904
-101.766
26.8925
19.2543
-46.554
19.0159
-0.765116
-46.554
19.5264
18.2193
-103.137
19.0159
-0.765116
-46.554
0
-9.05747
-46.554
13.8073
3.74816
-104.509
0
47.5661
-46.554
19.0159
39.2738
-46.554
0
38.6846
-101.198
13.8073
32.6904
-101.766
19.5264
18.2193
-103.137
9.60678
36.5685
-150.831
19.5264
18.2193
-103.137
13.8073
3.74816
-104.509
13.5861
26.4998
-151.785
13.8073
3.74816
-104.509
0
-2.24596
-105.077
9.60677
16.4311
-152.74
0
38.6846
-101.198
13.8073
32.6904
-101.766
0
40.739
-150.436
9.60678
36.5685
-150.831
13.5861
26.4998
-151.785
6.58243
41.016
-198.817
13.5861
26.4998
-151.785
9.60677
16.4311
-152.74
9.30895
34.0903
-199.053
9.60677
16.4311
-152.74
0
12.2605
-153.135
6.58243
27.1644
-199.289
0
40.739
-150.436
9.60678
36.5685
-150.831
0
43.8848
-198.719
6.58243
41.016
-198.817
9.30895
34.0903
-199.053
4.06213
36.5642
-231.605
9.30895
34.0903
-199.053
6.58243
27.1644
-199.289
5.74474
32.3651
-230.795
6.58243
27.1644
-199.289
0
24.2957
-199.387
4.06214
28.1661
-229.984
0
43.8848
-198.719
6.58243
41.016
-198.817
0
38.3034
-231.941
4.06213
36.5642
-231.605
5.74474
32.3651
-230.795
2.71797
23.962
-254.33
5.74474
32.3651
-230.795
4.06214
28.1661
-229.984
3.84379
21.3245
-253.221
4.06214
28.1661
-229.984
0
26.4268
-229.648
2.71797
18.6869
-252.112
0
38.3034
-231.941
4.06213
36.5642
-231.605
0
25.0546
-254.79
2.71797
23.962
-254.33
3.84379
21.3245
-253.221
1.20581
8.57087
-270.844
3.84379
21.3245
-253.221
2.71797
18.6869
-252.112
1.70528
7.52365
-270.127
2.71797
18.6869
-252.112
0
17.5944
-251.652
1.20581
6.47644
-269.409
0
25.0546
-254.79
2.71797
23.962
-254.33
0
9.0046
-271.142
30.3604
80.3215
126.263
0
92.8972
126.263
27.6002
81.7016
136.269
0
7.02515
126.263
30.3604
23.0894
128.793
0
15.0688
136.269
42.936
49.9612
126.263
30.3604
80.3215
126.263
39.0326
54.1014
136.269
27.6002
81.7016
136.269
0
93.134
136.269
25.0125
85.3243
149.034
0
15.0688
136.269
27.6002
26.9229
136.464
0
24.9387
149.034
39.0227
11.1666
160.975
37.3706
14.8308
161.465
38.3911
6.97633
160.414
39.0326
54.1014
136.269
27.6002
81.7016
136.269
35.3731
60.3118
149.034
25.0125
85.3243
149.034
0
95.6849
149.034
16.9453
93.2598
156.97
0
24.9387
149.034
25.0125
31.8107
146.251
0
39.5378
156.97
25.0125
31.8107
146.251
35.3731
60.3118
149.034
16.9453
48.7551
156.97
35.3731
60.3118
149.034
25.0125
85.3243
149.034
23.9643
71.0074
156.97
16.9453
93.2598
156.97
0
102.477
156.97
20.0127
110.683
173.186
0
39.5378
156.97
16.9453
48.7551
156.97
0
44.0506
173.186
16.9453
48.7551
156.97
23.9643
71.0074
156.97
20.0127
55.4829
173.186
23.9643
71.0074
156.97
16.9453
93.2598
156.97
24.4273
83.0832
173.186
20.0127
110.683
173.186
0
122.116
173.186
15.7441
111.546
189.747
0
44.0506
173.186
20.0127
55.4829
173.186
0
48.6614
189.747
20.0127
55.4829
173.186
24.4273
83.0832
173.186
19.8354
59.4507
189.747
24.4273
83.0832
173.186
20.0127
110.683
173.186
20.3746
85.4983
189.747
15.7441
111.546
189.747
0
122.335
189.747
14.8057
108.316
208.733
0
48.6614
189.747
19.8354
59.4507
189.747
0
49.8976
199.546
19.8354
59.4507
189.747
20.3746
85.4983
189.747
18.6531
59.9206
201.122
20.3746
85.4983
189.747
15.7441
111.546
189.747
19.1601
84.1182
204.928
16.1354
116.391
214.43
0
118.339
210.309
16.1354
114.374
224.992
0
49.8976
199.546
18.6531
59.9206
201.122
0
46.1024
217.832
18.6531
59.9206
201.122
19.1601
84.1182
204.928
13.1673
56.1254
219.408
19.1601
84.1182
204.928
14.8057
108.316
208.733
19.1601
80.323
223.214
5.36239
41.0473
242.632
0
41.0473
242.632
3.79179
39.0959
242.319
0
46.1024
217.832
13.1673
56.1254
219.408
0
42.0165
223.05
13.1673
56.1254
219.408
19.1601
80.323
223.214
9.94614
45.9928
223.687
0
42.0165
223.05
9.94614
45.9928
223.687
0
35.5349
232.773
9.94614
45.9928
223.687
14.066
55.5923
225.224
8.68917
39.0086
233.33
0
35.5349
232.773
8.68917
39.0086
233.33
0
38.2876
242.19
8.68917
39.0086
233.33
12.2884
47.3949
234.673
3.79179
39.0959
242.319
12.2884
47.3949
234.673
0
47.3949
234.673
5.36239
41.0473
242.632
14.066
55.5923
225.224
0
55.5923
225.224
12.2884
47.3949
234.673
14.9133
80.323
223.214
0
80.323
223.214
10.9482
55.5923
225.224
1.96527
88.4448
270.878
0
90.1375
271.142
2.7793
84.3581
270.24
14.8057
104.521
227.019
0
114.544
228.595
12.7579
104.085
235.593
0
80.323
223.214
19.1601
80.323
223.214
0
85.4661
232.687
19.1601
80.323
223.214
14.8057
104.521
227.019
18.0423
85.4661
232.687
12.7579
104.085
235.593
0
111.797
236.797
8.6361
100.596
255.335
0
85.4661
232.687
18.0423
85.4661
232.687
0
82.6379
252.531
18.0423
85.4661
232.687
12.7579
104.085
235.593
12.2133
82.6379
252.531
8.6361
100.596
255.335
0
108.035
256.496
6.45787
95.6746
264.714
0
82.6379
252.531
12.2133
82.6379
252.531
0
82.2459
262.618
12.2133
82.6379
252.531
8.6361
100.596
255.335
9.13278
82.2459
262.618
6.45787
95.6746
264.714
0
101.237
265.583
1.96527
88.4448
270.878
0
82.2459
262.618
9.13278
82.2459
262.618
0
84.3581
270.24
9.13278
82.2459
262.618
6.45787
95.6746
264.714
2.7793
84.3581
270.24
19.1601
80.323
223.214
0
80.323
223.214
14.9133
80.323
223.214
0
55.5923
225.224
14.066
55.5923
225.224
0
55.5923
225.224
14.066
55.5923
225.224
19.1601
80.323
223.214
10.9482
55.5923
225.224
34.4737
67.2545
54.6535
48.7531
31.6751
64.4435
42.9869
60.0847
53.6379
34.4737
64.5883
26.8586
34.4737
67.2545
54.6535
42.9869
63.0983
27.0194
48.7531
31.6751
64.4435
34.4736
1.54605
70.6075
56.662
31.5781
63.0135
38.7899
-122.335
27.2517
36.6862
-122.335
40.113
34.8705
-118.175
17.3334
38.7733
22.7046
-9.29184
27.4168
49.3928
-8.20406
47.1045
22.9872
-7.60108
27.4168
49.3928
-8.20406
34.4737
64.5883
26.8586
36.2287
48.546
-6.55932
27.4168
-5.79671
3.39886
38.7733
22.7046
-9.29184
45.6119
-4.3078
4.55254
0
7.52366
-270.127
1.70528
7.52365
-270.127
0
6.04268
-269.112
1.20581
8.57087
-270.844
1.70528
7.52365
-270.127
0
9.0046
-271.142
34.4736
1.54605
70.6075
24.7537
-11.0834
36.3418
34.0171
-33.0692
67.5449
52.7536
-4.33239
36.395
46.7371
2.72417
68.9167
49.09
-26.5352
48.2471
46.7371
2.72417
68.9167
34.4736
1.54605
70.6075
44.1291
-32.7463
66.5912
24.7537
-11.0834
36.3418
27.4168
-5.79671
3.39886
26.0025
-26.525
48.2171
27.4168
-5.79671
3.39886
45.6119
-4.3078
4.55254
28.1984
-20.2334
29.6354
45.6119
-4.3078
4.55254
52.7536
-4.33239
36.395
43.2012
-20.4538
30.2862
49.09
-26.5352
48.2471
44.1291
-32.7463
66.5912
38.6181
-67.5993
24.0481
44.1291
-32.7463
66.5912
34.0171
-33.0692
67.5449
36.0819
-70.7745
33.4261
34.0171
-33.0692
67.5449
26.0025
-26.525
48.2171
30.9124
-70.9396
33.9137
26.0025
-26.525
48.2171
28.1984
-20.2334
29.6354
26.8151
-67.594
24.0328
28.1984
-20.2334
29.6354
43.2012
-20.4538
30.2862
27.9377
-64.3775
14.5333
43.2012
-20.4538
30.2862
49.09
-26.5352
48.2471
35.6076
-64.4902
14.866
38.6181
-67.5993
24.0481
36.0819
-70.7745
33.4261
39.9544
-75.1009
19.8367
36.0819
-70.7745
33.4261
30.9124
-70.9396
33.9137
36.8439
-74.3849
31.9585
30.9124
-70.9396
33.9137
26.8151
-67.594
24.0328
30.5039
-74.3477
32.5887
26.8151
-67.594
24.0328
27.9377
-64.3775
14.5333
25.4788
-75.102
19.8168
27.9377
-64.3775
14.5333
35.6076
-64.4902
14.866
26.8556
-75.8271
7.53799
35.6076
-64.4902
14.866
38.6181
-67.5993
24.0481
36.2622
-75.8018
7.96798
39.9544
-75.1009
19.8367
36.8439
-74.3849
31.9585
38.6181
-98.5751
22.8502
36.8439
-74.3849
31.9585
30.5039
-74.3477
32.5887
36.0819
-97.9118
32.7289
30.5039
-74.3477
32.5887
25.4788
-75.102
19.8168
30.9124
-97.8774
33.2425
25.4788
-75.102
19.8168
26.8556
-75.8271
7.53799
26.8151
-98.5762
22.834
26.8556
-75.8271
7.53799
36.2622
-75.8018
7.96798
27.9377
-99.2481
12.8273
36.2622
-75.8018
7.96798
39.9544
-75.1009
19.8367
35.6076
-99.2245
13.1777
38.6181
-98.5751
22.8502
36.0819
-97.9118
32.7289
38.7899
-109.276
27.2517
36.0819
-97.9118
32.7289
30.9124
-97.8774
33.2425
36.6862
-108.413
40.113
30.9124
-97.8774
33.2425
26.8151
-98.5762
22.834
27.5596
-108.368
40.7817
26.8151
-98.5762
22.834
27.9377
-99.2481
12.8273
23.4234
-109.278
27.2307
27.9377
-99.2481
12.8273
35.6076
-99.2245
13.1777
24.885
-110.152
14.2028
35.6076
-99.2245
13.1777
38.6181
-98.5751
22.8502
34.8705
-110.122
14.659
52.5566
-109.276
40.8243
47.7
-108.413
46.803
55.0759
-122.335
41.626
37.186
-108.413
55.5379
29.7115
-108.368
56.2065
37.8168
-122.335
58.1472
15.679
-108.368
48.6463
11.5453
-109.278
42.7836
13.6675
-122.335
50.4089
23.4234
-109.278
27.2307
24.885
-110.152
14.2028
23.4234
-122.335
27.2307
24.885
-110.152
14.2028
34.8705
-110.122
14.659
24.885
-118.175
16.8771
34.8705
-110.122
14.659
38.7899
-109.276
27.2517
34.8705
-118.175
17.3334
38.7899
-109.276
27.2517
36.6862
-108.413
40.113
52.5566
-109.276
40.8243
36.6862
-108.413
40.113
36.6862
-122.335
40.113
47.7
-108.413
46.803
36.6862
-122.335
40.113
38.7899
-122.335
27.2517
49.6226
-122.335
48.3392
38.7899
-122.335
27.2517
38.7899
-109.276
27.2517
55.0759
-122.335
41.626
36.6862
-108.413
40.113
27.5596
-108.368
40.7817
37.186
-108.413
55.5379
27.5596
-108.368
40.7817
27.5597
-122.335
40.7817
29.7115
-108.368
56.2065
27.5597
-122.335
40.7817
36.6862
-122.335
40.113
29.4241
-122.335
58.898
36.6862
-122.335
40.113
36.6862
-108.413
40.113
37.8168
-122.335
58.1472
27.5596
-108.368
40.7817
23.4234
-109.278
27.2307
15.679
-108.368
48.6463
23.4234
-109.278
27.2307
23.4234
-122.335
27.2307
11.5453
-109.278
42.7836
23.4234
-122.335
27.2307
27.5597
-122.335
40.7817
9.02594
-122.335
43.826
27.5597
-122.335
40.7817
27.5596
-108.368
40.7817
13.6675
-122.335
50.4089
30.3604
23.0894
128.793
42.936
49.9612
126.263
41.9887
23.6457
127.96
42.936
49.9612
126.263
39.0326
54.1014
136.269
41.9887
23.6457
127.96
39.0326
54.1014
136.269
35.3731
60.3118
149.034
43.1198
25.9824
136.349
35.3731
60.3118
149.034
25.0125
31.8107
146.251
36.3156
30.7607
142.564
30.3604
23.0894
128.793
41.9887
23.6457
127.96
32.2813
17.2978
127.585
41.9887
23.6457
127.96
43.1198
25.9824
136.349
37.8821
17.0855
127.585
27.6002
26.9229
136.464
30.3604
23.0894
128.793
30.9518
19.2531
130.867
43.1198
25.9824
136.349
36.3156
30.7607
142.564
38.4268
19.2237
130.867
36.3156
30.7607
142.564
25.0125
31.8107
146.251
37.0018
20.808
134.136
25.0125
31.8107
146.251
27.6002
26.9229
136.464
31.5577
21.7478
134.136
38.4268
19.2237
130.867
37.0018
20.808
134.136
38.4268
11.1895
146.672
37.0018
20.808
134.136
31.5577
21.7478
134.136
37.0019
14.3781
146.673
31.5577
21.7478
134.136
30.9518
19.2531
130.867
31.5577
15.1432
146.672
30.9518
19.2531
130.867
32.2813
17.2978
127.585
30.9518
11.2135
146.672
32.2813
17.2978
127.585
37.8821
17.0855
127.585
32.2813
7.71609
146.672
37.8821
17.0855
127.585
38.4268
19.2237
130.867
37.8821
7.54325
146.672
38.4268
11.1895
146.672
37.0019
14.3781
146.673
38.4268
11.9794
152.029
37.0019
14.3781
146.673
31.5577
15.1432
146.672
37.0018
15.1534
151.726
31.5577
15.1432
146.672
30.9518
11.2135
146.672
31.5577
15.9151
151.653
30.9518
11.2135
146.672
32.2813
7.71609
146.672
30.9518
12.0032
152.027
32.2813
7.71609
146.672
37.8821
7.54325
146.672
32.2813
8.52166
152.359
37.8821
7.54325
146.672
38.4268
11.1895
146.672
37.8821
8.34963
152.376
38.4268
11.9794
152.029
37.0018
15.1534
151.726
39.0227
11.1666
160.975
37.0018
15.1534
151.726
31.5577
15.9151
151.653
37.3706
14.8308
161.465
31.5577
15.9151
151.653
30.9518
12.0032
152.027
31.0584
15.7101
161.583
30.9518
12.0032
152.027
32.2813
8.52166
152.359
30.3559
11.1941
160.978
32.2813
8.52166
152.359
37.8821
8.34963
152.376
31.8973
7.17494
160.44
37.8821
8.34963
152.376
38.4268
11.9794
152.029
38.3911
6.97633
160.414
14.8057
108.316
208.733
0
118.339
210.309
16.1354
116.391
214.43
0
114.544
228.595
14.8057
104.521
227.019
16.1354
114.374
224.992
14.8057
104.521
227.019
14.8057
108.316
208.733
16.1354
114.374
224.992
49.1761
-109.692
43.7228
45.5945
-115.762
44.9144
62.2338
-119.523
52.1938
45.5945
-115.762
44.9144
50.0303
-115.267
39.3309
61.8776
-120.127
52.3123
50.0303
-115.267
39.3309
49.1761
-109.692
43.7228
62.3188
-120.078
51.7569
49.1761
-109.692
43.7228
50.0303
-115.267
39.3309
45.5945
-115.762
44.9144
62.2338
-119.523
52.1938
61.8776
-120.127
52.3123
62.3188
-120.078
51.7569
32.6791
-109.692
55.6259
29.5697
-115.762
53.486
33.7889
-119.523
71.151
29.5697
-115.762
53.486
36.6986
-115.267
53.6607
33.4796
-120.127
70.9382
36.6986
-115.267
53.6607
32.6791
-109.692
55.6259
34.1887
-120.078
70.9556
32.6791
-109.692
55.6259
36.6986
-115.267
53.6607
29.5697
-115.762
53.486
33.7889
-119.523
71.151
33.4796
-120.127
70.9382
34.1887
-120.078
70.9556
13.1236
-109.692
44.9339
13.0073
-115.762
41.1611
1.26866
-119.523
55.0196
13.0073
-115.762
41.1611
17.087
-115.267
47.0098
1.25709
-120.127
54.6444
17.087
-115.267
47.0098
13.1236
-109.692
44.9339
1.66289
-120.077
55.2261
13.1236
-109.692
44.9339
17.087
-115.267
47.0098
13.0073
-115.762
41.1611
1.26866
-119.523
55.0196
1.25709
-120.127
54.6444
1.66289
-120.077
55.2261
13.67
106.784
221.454
16.0309
106.422
221.327
14.2732
110.291
222.681
14.2732
110.291
222.681
16.6341
109.929
222.555
14.2732
111.534
219.128
14.2732
111.534
219.128
16.6341
111.173
219.002
13.67
108.027
217.901
13.67
108.027
217.901
16.0309
107.666
217.774
13.67
106.784
221.454
16.0309
106.422
221.327
16.0309
107.666
217.774
16.6341
109.929
222.555
13.67
108.027
217.901
13.67
106.784
221.454
14.2732
111.534
219.128
-33.4655
75.8774
89.3839
-30.3604
80.3215
126.263
0
90.4708
89.3839
0
-9.17964
89.3839
0
7.02515
126.263
-33.4655
5.41383
89.3839
-33.4655
5.41383
89.3839
-30.3604
23.0894
128.793
-47.3274
40.6456
89.3839
-47.3274
40.6456
89.3839
-42.936
49.9612
126.263
-33.4655
75.8774
89.3839
-33.4655
75.8774
89.3839
-34.4737
67.2545
54.6535
-47.3274
40.6456
89.3839
-47.3274
40.6456
89.3839
-48.7531
31.6751
64.4435
-33.4655
5.41383
89.3839
-33.4655
5.41383
89.3839
-34.4736
1.54605
70.6075
0
-9.17964
89.3839
0
90.4708
89.3839
0
83.0013
59.3672
-33.4655
75.8774
89.3839
-42.9869
60.0847
53.6379
-42.9869
63.0983
27.0194
-56.662
31.5781
63.0135
-56.662
31.5781
63.0135
-56.662
26.9522
35.3533
-46.7371
2.72417
68.9167
-34.4736
1.54605
70.6075
-24.7537
-11.0834
36.3418
0
-19.651
59.3672
0
83.0013
59.3672
0
78.171
35.5608
-34.4737
67.2545
54.6535
-42.9869
63.0983
27.0194
-36.2287
48.546
-6.55932
-56.662
26.9522
35.3533
-56.662
26.9522
35.3533
-47.1045
22.9872
-7.60108
-52.7536
-4.33239
36.395
-24.7537
-11.0834
36.3418
-27.4168
-5.79671
3.39886
0
-24.4813
35.5608
0
78.171
35.5608
0
63.5242
-9.29184
-34.4737
64.5883
26.8586
-27.4168
49.3928
-8.20406
-19.0159
39.2738
-46.554
-38.7733
22.7046
-9.29184
-38.7733
22.7046
-9.29184
-26.8925
19.2543
-46.554
-27.4168
-5.79671
3.39886
-27.4168
-5.79671
3.39886
-19.0159
-0.765116
-46.554
0
-18.115
-9.29185
0
63.5242
-9.29184
0
47.5661
-46.554
-27.4168
49.3928
-8.20406
-19.0159
39.2738
-46.554
-13.8073
32.6904
-101.766
-26.8925
19.2543
-46.554
-26.8925
19.2543
-46.554
-19.5264
18.2193
-103.137
-19.0159
-0.765116
-46.554
-19.0159
-0.765116
-46.554
-13.8073
3.74816
-104.509
0
-9.05747
-46.554
0
47.5661
-46.554
0
38.6846
-101.198
-19.0159
39.2738
-46.554
-13.8073
32.6904
-101.766
-9.60678
36.5685
-150.831
-19.5264
18.2193
-103.137
-19.5264
18.2193
-103.137
-13.5861
26.4998
-151.785
-13.8073
3.74816
-104.509
-13.8073
3.74816
-104.509
-9.60677
16.4311
-152.74
0
-2.24596
-105.077
0
38.6846
-101.198
0
40.739
-150.436
-13.8073
32.6904
-101.766
-9.60678
36.5685
-150.831
-6.58243
41.016
-198.817
-13.5861
26.4998
-151.785
-13.5861
26.4998
-151.785
-9.30895
34.0903
-199.053
-9.60677
16.4311
-152.74
-9.60677
16.4311
-152.74
-6.58243
27.1644
-199.289
0
12.2605
-153.135
0
40.739
-150.436
0
43.8848
-198.719
-9.60678
36.5685
-150.831
-6.58243
41.016
-198.817
-4.06213
36.5642
-231.605
-9.30895
34.0903
-199.053
-9.30895
34.0903
-199.053
-5.74474
32.3651
-230.795
-6.58243
27.1644
-199.289
-6.58243
27.1644
-199.289
-4.06214
28.1661
-229.984
0
24.2957
-199.387
0
43.8848
-198.719
0
38.3034
-231.941
-6.58243
41.016
-198.817
-4.06213
36.5642
-231.605
-2.71797
23.9621
-254.33
-5.74474
32.3651
-230.795
-5.74474
32.3651
-230.795
-3.84379
21.3245
-253.221
-4.06214
28.1661
-229.984
-4.06214
28.1661
-229.984
-2.71797
18.6869
-252.112
0
26.4268
-229.648
0
38.3034
-231.941
0
25.0546
-254.79
-4.06213
36.5642
-231.605
-2.71797
23.9621
-254.33
-1.20581
8.57087
-270.844
-3.84379
21.3245
-253.221
-3.84379
21.3245
-253.221
-1.70528
7.52365
-270.127
-2.71797
18.6869
-252.112
-2.71797
18.6869
-252.112
-1.20581
6.47644
-269.409
0
17.5944
-251.652
0
25.0546
-254.79
0
9.0046
-271.142
-2.71797
23.9621
-254.33
-30.3604
80.3215
126.263
-27.6002
81.7016
136.269
0
92.8972
126.263
0
7.02515
126.263
0
15.0688
136.269
-30.3604
23.0894
128.793
-42.936
49.9612
126.263
-39.0326
54.1014
136.269
-30.3604
80.3215
126.263
-27.6002
81.7016
136.269
-25.0125
85.3243
149.034
0
93.134
136.269
0
15.0688
136.269
0
24.9387
149.034
-27.6002
26.9229
136.464
-39.0227
11.1666
160.975
-38.3911
6.97633
160.414
-37.3706
14.8308
161.465
-39.0326
54.1014
136.269
-35.3731
60.3118
149.034
-27.6002
81.7016
136.269
-25.0125
85.3243
149.034
-16.9453
93.2598
156.97
0
95.6849
149.034
-25.0125
31.8107
146.251
-25.0125
31.8107
146.251
-16.9453
48.7551
156.97
-35.3731
60.3118
149.034
-35.3731
60.3118
149.034
-23.9643
71.0074
156.97
-25.0125
85.3243
149.034
-16.9453
93.2598
156.97
-20.0127
110.683
173.186
0
102.477
156.97
0
39.5378
156.97
0
44.0506
173.186
-16.9453
48.7551
156.97
-16.9453
48.7551
156.97
-20.0127
55.4829
173.186
-23.9643
71.0074
156.97
-23.9643
71.0074
156.97
-24.4273
83.0832
173.186
-16.9453
93.2598
156.97
-20.0127
110.683
173.186
-15.7441
111.546
189.747
0
122.116
173.186
0
44.0506
173.186
0
48.6614
189.747
-20.0127
55.4829
173.186
-20.0127
55.4829
173.186
-19.8354
59.4507
189.747
-24.4273
83.0832
173.186
-24.4273
83.0832
173.186
-20.3746
85.4983
189.747
-20.0127
110.683
173.186
-15.7441
111.546
189.747
-14.8057
108.316
208.733
0
122.335
189.747
0
48.6614
189.747
0
49.8976
199.546
-19.8354
59.4507
189.747
-19.8354
59.4507
189.747
-18.6531
59.9206
201.122
-20.3746
85.4983
189.747
-20.3746
85.4983
189.747
-19.1601
84.1182
204.928
-15.7441
111.546
189.747
-16.1354
116.391
214.43
-16.1354
114.374
224.992
0
49.8976
199.546
0
46.1024
217.832
-18.6531
59.9206
201.122
-18.6531
59.9206
201.122
-13.1673
56.1254
219.408
-19.1601
84.1182
204.928
-19.1601
84.1182
204.928
-19.1601
80.323
223.214
-14.8057
108.316
208.733
-5.36239
41.0473
242.632
-3.79179
39.0959
242.319
0
46.1024
217.832
0
42.0165
223.05
-13.1673
56.1254
219.408
-13.1673
56.1254
219.408
-9.94614
45.9928
223.687
-19.1601
80.323
223.214
0
42.0165
223.05
0
35.5349
232.773
-9.94614
45.9928
223.687
-9.94614
45.9928
223.687
-8.68917
39.0086
233.33
-14.066
55.5923
225.224
0
35.5349
232.773
0
38.2876
242.19
-8.68917
39.0086
233.33
-8.68917
39.0086
233.33
-3.79179
39.0959
242.319
-12.2884
47.3949
234.673
-12.2884
47.3949
234.673
-5.36239
41.0473
242.632
-14.066
55.5923
225.224
-12.2884
47.3949
234.673
-14.9133
80.323
223.214
-10.9482
55.5923
225.224
-1.96527
88.4448
270.878
-2.7793
84.3581
270.24
-14.8057
104.521
227.019
-12.7579
104.085
235.593
0
114.544
228.595
-19.1601
80.323
223.214
-19.1601
80.323
223.214
-18.0423
85.4661
232.687
-14.8057
104.521
227.019
-12.7579
104.085
235.593
-8.6361
100.596
255.335
0
111.797
236.797
-18.0423
85.4661
232.687
-18.0423
85.4661
232.687
-12.2133
82.6379
252.531
-12.7579
104.085
235.593
-8.6361
100.596
255.335
-6.45787
95.6746
264.714
0
108.035
256.496
-12.2133
82.6379
252.531
-12.2133
82.6379
252.531
-9.13278
82.2459
262.618
-8.6361
100.596
255.335
-6.45787
95.6746
264.714
-1.96527
88.4448
270.878
0
101.237
265.583
-9.13278
82.2459
262.618
-9.13278
82.2459
262.618
-2.7793
84.3581
270.24
-6.45787
95.6746
264.714
-19.1601
80.323
223.214
-14.9133
80.323
223.214
0
55.5923
225.224
0
55.5923
225.224
-14.066
55.5923
225.224
-14.066
55.5923
225.224
-10.9482
55.5923
225.224
-19.1601
80.323
223.214
-34.4737
67.2545
54.6535
-42.9869
60.0847
53.6379
-48.7531
31.6751
64.4435
-34.4737
64.5883
26.8586
-42.9869
63.0983
27.0194
-34.4737
67.2545
54.6535
-48.7531
31.6751
64.4435
-56.662
31.5781
63.0135
-34.4736
1.54605
70.6075
-38.7899
-122.335
27.2517
-34.8705
-118.175
17.3334
-36.6862
-122.335
40.113
-38.7733
22.7046
-9.29184
-47.1045
22.9872
-7.60108
-27.4168
49.3928
-8.20406
-27.4168
49.3928
-8.20406
-36.2287
48.546
-6.55932
-34.4737
64.5883
26.8586
-27.4168
-5.79671
3.39886
-45.6119
-4.3078
4.55254
-38.7733
22.7046
-9.29184
-1.70528
7.52365
-270.127
-1.20581
8.57087
-270.844
-1.70528
7.52365
-270.127
-34.4736
1.54605
70.6075
-34.0171
-33.0692
67.5449
-24.7537
-11.0834
36.3418
-52.7536
-4.33239
36.395
-49.09
-26.5352
48.2471
-46.7371
2.72417
68.9167
-46.7371
2.72417
68.9167
-44.1291
-32.7463
66.5912
-34.4736
1.54605
70.6075
-24.7537
-11.0834
36.3418
-26.0025
-26.5251
48.2171
-27.4168
-5.79671
3.39886
-27.4168
-5.79671
3.39886
-28.1984
-20.2334
29.6354
-45.6119
-4.3078
4.55254
-45.6119
-4.3078
4.55254
-43.2012
-20.4538
30.2862
-52.7536
-4.33239
36.395
-49.09
-26.5352
48.2471
-38.6181
-67.5993
24.0481
-44.1291
-32.7463
66.5912
-44.1291
-32.7463
66.5912
-36.0819
-70.7745
33.4261
-34.0171
-33.0692
67.5449
-34.0171
-33.0692
67.5449
-30.9124
-70.9396
33.9137
-26.0025
-26.5251
48.2171
-26.0025
-26.5251
48.2171
-26.8151
-67.5941
24.0328
-28.1984
-20.2334
29.6354
-28.1984
-20.2334
29.6354
-27.9377
-64.3776
14.5333
-43.2012
-20.4538
30.2862
-43.2012
-20.4538
30.2862
-35.6076
-64.4902
14.866
-49.09
-26.5352
48.2471
-38.6181
-67.5993
24.0481
-39.9544
-75.1009
19.8367
-36.0819
-70.7745
33.4261
-36.0819
-70.7745
33.4261
-36.8439
-74.3849
31.9585
-30.9124
-70.9396
33.9137
-30.9124
-70.9396
33.9137
-30.5039
-74.3477
32.5887
-26.8151
-67.5941
24.0328
-26.8151
-67.5941
24.0328
-25.4788
-75.102
19.8168
-27.9377
-64.3776
14.5333
-27.9377
-64.3776
14.5333
-26.8556
-75.8272
7.53799
-35.6076
-64.4902
14.866
-35.6076
-64.4902
14.866
-36.2622
-75.8018
7.96798
-38.6181
-67.5993
24.0481
-39.9544
-75.1009
19.8367
-38.6181
-98.5751
22.8502
-36.8439
-74.3849
31.9585
-36.8439
-74.3849
31.9585
-36.0819
-97.9118
32.7289
-30.5039
-74.3477
32.5887
-30.5039
-74.3477
32.5887
-30.9124
-97.8774
33.2425
-25.4788
-75.102
19.8168
-25.4788
-75.102
19.8168
-26.8151
-98.5763
22.834
-26.8556
-75.8272
7.53799
-26.8556
-75.8272
7.53799
-27.9377
-99.2481
12.8273
-36.2622
-75.8018
7.96798
-36.2622
-75.8018
7.96798
-35.6076
-99.2245
13.1777
-39.9544
-75.1009
19.8367
-38.6181
-98.5751
22.8502
-38.7899
-109.276
27.2517
-36.0819
-97.9118
32.7289
-36.0819
-97.9118
32.7289
-36.6862
-108.413
40.113
-30.9124
-97.8774
33.2425
-30.9124
-97.8774
33.2425
-27.5596
-108.368
40.7817
-26.8151
-98.5763
22.834
-26.8151
-98.5763
22.834
-23.4234
-109.278
27.2307
-27.9377
-99.2481
12.8273
-27.9377
-99.2481
12.8273
-24.885
-110.153
14.2028
-35.6076
-99.2245
13.1777
-35.6076
-99.2245
13.1777
-34.8705
-110.122
14.659
-38.6181
-98.5751
22.8502
-52.5566
-109.276
40.8243
-55.0759
-122.335
41.626
-47.7
-108.413
46.803
-37.186
-108.413
55.5379
-37.8168
-122.335
58.1472
-29.7115
-108.368
56.2065
-15.679
-108.368
48.6463
-13.6675
-122.335
50.4089
-11.5453
-109.278
42.7836
-23.4234
-109.278
27.2307
-23.4234
-122.335
27.2307
-24.885
-110.153
14.2028
-24.885
-110.153
14.2028
-24.885
-118.175
16.8771
-34.8705
-110.122
14.659
-34.8705
-110.122
14.659
-34.8705
-118.175
17.3334
-38.7899
-109.276
27.2517
-38.7899
-109.276
27.2517
-52.5566
-109.276
40.8243
-36.6862
-108.413
40.113
-36.6862
-108.413
40.113
-47.7
-108.413
46.803
-36.6862
-122.335
40.113
-36.6862
-122.335
40.113
-49.6226
-122.335
48.3392
-38.7899
-122.335
27.2517
-38.7899
-122.335
27.2517
-55.0759
-122.335
41.626
-38.7899
-109.276
27.2517
-36.6862
-108.413
40.113
-37.186
-108.413
55.5379
-27.5596
-108.368
40.7817
-27.5596
-108.368
40.7817
-29.7115
-108.368
56.2065
-27.5597
-122.335
40.7817
-27.5597
-122.335
40.7817
-29.4241
-122.335
58.898
-36.6862
-122.335
40.113
-36.6862
-122.335
40.113
-37.8168
-122.335
58.1472
-36.6862
-108.413
40.113
-27.5596
-108.368
40.7817
-15.679
-108.368
48.6463
-23.4234
-109.278
27.2307
-23.4234
-109.278
27.2307
-11.5453
-109.278
42.7836
-23.4234
-122.335
27.2307
-23.4234
-122.335
27.2307
-9.02594
-122.335
43.826
-27.5597
-122.335
40.7817
-27.5597
-122.335
40.7817
-13.6675
-122.335
50.4089
-27.5596
-108.368
40.7817
-30.3604
23.0894
128.793
-41.9887
23.6457
127.96
-42.936
49.9612
126.263
-42.936
49.9612
126.263
-41.9887
23.6457
127.96
-39.0326
54.1014
136.269
-39.0326
54.1014
136.269
-43.1198
25.9824
136.349
-35.3731
60.3118
149.034
-35.3731
60.3118
149.034
-36.3156
30.7607
142.564
-25.0125
31.8107
146.251
-30.3604
23.0894
128.793
-32.2813
17.2978
127.585
-41.9887
23.6457
127.96
-41.9887
23.6457
127.96
-37.8821
17.0855
127.585
-43.1198
25.9824
136.349
-27.6002
26.9229
136.464
-30.9518
19.2531
130.867
-30.3604
23.0894
128.793
-43.1198
25.9824
136.349
-38.4268
19.2237
130.867
-36.3156
30.7607
142.564
-36.3156
30.7607
142.564
-37.0018
20.808
134.136
-25.0125
31.8107
146.251
-25.0125
31.8107
146.251
-31.5577
21.7478
134.136
-27.6002
26.9229
136.464
-38.4268
19.2237
130.867
-38.4268
11.1895
146.672
-37.0018
20.808
134.136
-37.0018
20.808
134.136
-37.0019
14.3781
146.673
-31.5577
21.7478
134.136
-31.5577
21.7478
134.136
-31.5577
15.1432
146.672
-30.9518
19.2531
130.867
-30.9518
19.2531
130.867
-30.9518
11.2135
146.672
-32.2813
17.2978
127.585
-32.2813
17.2978
127.585
-32.2813
7.71609
146.672
-37.8821
17.0855
127.585
-37.8821
17.0855
127.585
-37.8821
7.54325
146.672
-38.4268
19.2237
130.867
-38.4268
11.1895
146.672
-38.4268
11.9794
152.029
-37.0019
14.3781
146.673
-37.0019
14.3781
146.673
-37.0018
15.1534
151.726
-31.5577
15.1432
146.672
-31.5577
15.1432
146.672
-31.5577
15.9151
151.653
-30.9518
11.2135
146.672
-30.9518
11.2135
146.672
-30.9518
12.0032
152.027
-32.2813
7.71609
146.672
-32.2813
7.71609
146.672
-32.2813
8.52166
152.359
-37.8821
7.54325
146.672
-37.8821
7.54325
146.672
-37.8821
8.34963
152.376
-38.4268
11.1895
146.672
-38.4268
11.9794
152.029
-39.0227
11.1666
160.975
-37.0018
15.1534
151.726
-37.0018
15.1534
151.726
-37.3706
14.8308
161.465
-31.5577
15.9151
151.653
-31.5577
15.9151
151.653
-31.0584
15.7101
161.583
-30.9518
12.0032
152.027
-30.9518
12.0032
152.027
-30.3559
11.1941
160.978
-32.2813
8.52166
152.359
-32.2813
8.52166
152.359
-31.8973
7.17494
160.44
-37.8821
8.34963
152.376
-37.8821
8.34963
152.376
-38.3911
6.97633
160.414
-38.4268
11.9794
152.029
-14.8057
108.316
208.733
-16.1354
116.391
214.43
0
118.339
210.309
0
114.544
228.595
-16.1354
114.374
224.992
-14.8057
104.521
227.019
-14.8057
104.521
227.019
-16.1354
114.374
224.992
-14.8057
108.316
208.733
-49.1761
-109.692
43.7228
-62.2338
-119.523
52.1938
-45.5945
-115.762
44.9144
-45.5945
-115.762
44.9144
-61.8776
-120.127
52.3123
-50.0303
-115.267
39.3309
-50.0303
-115.267
39.3309
-62.3188
-120.078
51.7569
-49.1761
-109.692
43.7228
-49.1761
-109.692
43.7228
-45.5945
-115.762
44.9144
-50.0303
-115.267
39.3309
-62.2338
-119.523
52.1938
-62.3188
-120.078
51.7569
-61.8776
-120.127
52.3123
-32.6791
-109.692
55.6259
-33.7889
-119.523
71.151
-29.5697
-115.762
53.486
-29.5697
-115.762
53.486
-33.4796
-120.127
70.9382
-36.6986
-115.267
53.6607
-36.6986
-115.267
53.6607
-34.1887
-120.078
70.9556
-32.6791
-109.692
55.6259
-32.6791
-109.692
55.6259
-29.5697
-115.762
53.486
-36.6986
-115.267
53.6607
-33.7889
-119.523
71.151
-34.1887
-120.078
70.9556
-33.4796
-120.127
70.9382
-13.1236
-109.692
44.9339
-1.26866
-119.523
55.0196
-13.0073
-115.762
41.1611
-13.0073
-115.762
41.1611
-1.25709
-120.127
54.6444
-17.087
-115.267
47.0098
-17.087
-115.267
47.0098
-1.66289
-120.078
55.2261
-13.1236
-109.692
44.9339
-13.1236
-109.692
44.9339
-13.0073
-115.762
41.1611
-17.087
-115.267
47.0098
-1.26866
-119.523
55.0196
-1.66289
-120.078
55.2261
-1.25709
-120.127
54.6444
-13.67
106.784
221.454
-14.2732
110.291
222.681
-16.0309
106.422
221.327
-14.2732
110.291
222.681
-14.2732
111.534
219.128
-16.6341
109.929
222.555
-14.2732
111.534
219.128
-13.67
108.027
217.901
-16.6341
111.173
219.002
-13.67
108.027
217.901
-13.67
106.784
221.454
-16.0309
107.666
217.774
-16.0309
106.422
221.327
-16.6341
109.929
222.555
-16.0309
107.666
217.774
-13.67
108.027
217.901
-14.2732
111.534
219.128
-13.67
106.784
221.454
-7.54098
85.1876
242.902
-10.4411
85.1876
242.902
-8.83759
78.7599
241.771
-10.4411
85.1876
242.902
-8.99103
85.1876
240.391
-9.12605
78.7599
241.771
-8.99103
85.1876
240.391
-7.54098
85.1876
242.902
-8.98182
78.7599
241.522
-8.83759
78.7599
241.771
-9.12605
78.7599
241.771
-8.98182
78.7599
241.522
10.2171
85.1876
243.137
7.31699
85.1876
243.137
8.92048
78.7598
242.006
7.31699
85.1876
243.137
8.76704
85.1876
240.625
8.63202
78.7598
242.006
8.76704
85.1876
240.625
10.2171
85.1876
243.137
8.77625
78.7598
241.756
8.92048
78.7598
242.006
8.63202
78.7598
242.006
8.77625
78.7598
241.756
-7.54098
83.6556
247.784
-10.4411
83.6556
247.784
-8.83759
77.2279
246.653
-10.4411
83.6556
247.784
-8.99103
83.6556
245.273
-9.12605
77.2279
246.653
-8.99103
83.6556
245.273
-7.54098
83.6556
247.784
-8.98182
77.2279
246.404
-8.83759
77.2279
246.653
-9.12605
77.2279
246.653
-8.98182
77.2279
246.404
10.2171
83.6556
248.019
7.31699
83.6556
248.019
8.92048
77.2279
246.888
7.31699
83.6556
248.019
8.76704
83.6556
245.507
8.63202
77.2279
246.888
8.76704
83.6556
245.507
10.2171
83.6556
248.019
8.77625
77.2279
246.638
8.92048
77.2279
246.888
8.63202
77.2279
246.888
8.77625
77.2279
246.638
10.2171
82.8804
257.076
7.31699
82.8804
257.076
8.92048
76.4526
255.945
7.31699
82.8804
257.076
8.76704
82.8804
254.564
8.63202
76.4526
255.945
8.76704
82.8804
254.564
10.2171
82.8804
257.076
8.77625
76.4526
255.695
8.92048
76.4526
255.945
8.63202
76.4526
255.945
8.77625
76.4526
255.695
9.77447
82.4739
259.71
6.87437
82.4739
259.71
8.47786
76.0462
258.579
6.87437
82.4739
259.71
8.32442
82.4739
257.198
8.1894
76.0462
258.579
8.32442
82.4739
257.198
9.77447
82.4739
259.71
8.33363
76.0462
258.329
8.47786
76.0462
258.579
8.1894
76.0462
258.579
8.33363
76.0462
258.329
8.55128
82.4739
262.115
5.65118
82.4739
262.115
7.25467
76.0462
260.984
5.65118
82.4739
262.115
7.10123
82.4739
259.604
6.96621
76.0462
260.984
7.10123
82.4739
259.604
8.55128
82.4739
262.115
7.11044
76.0462
260.734
7.25467
76.0462
260.984
6.96621
76.0462
260.984
7.11044
76.0462
260.734
6.76381
82.4739
264.1
3.86371
82.4739
264.1
5.4672
76.0462
262.969
3.86371
82.4739
264.1
5.31376
82.4739
261.588
5.17874
76.0462
262.969
5.31376
82.4739
261.588
6.76381
82.4739
264.1
5.32297
76.0462
262.719
5.4672
76.0462
262.969
5.17874
76.0462
262.969
5.32297
76.0462
262.719
-6.06252
82.4739
261.919
-8.96262
82.4739
261.919
-7.35913
76.0462
260.788
-8.96262
82.4739
261.919
-7.51258
82.4739
259.407
-7.64759
76.0462
260.788
-7.51258
82.4739
259.407
-6.06252
82.4739
261.919
-7.50336
76.0462
260.538
-7.35913
76.0462
260.788
-7.64759
76.0462
260.788
-7.50336
76.0462
260.538
-0.010682
84.6397
269.142
-2.91078
84.6397
269.142
-1.30729
78.212
268.011
-2.91078
84.6397
269.142
-1.46073
84.6397
266.631
-1.59575
78.212
268.011
-1.46073
84.6397
266.631
-0.010682
84.6397
269.142
-1.45152
78.212
267.762
-1.30729
78.212
268.011
-1.59575
78.212
268.011
-1.45152
78.212
267.762
-4.32484
82.4739
263.947
-7.22494
82.4739
263.947
-5.62145
76.0462
262.816
-7.22494
82.4739
263.947
-5.77489
82.4739
261.436
-5.90991
76.0462
262.816
-5.77489
82.4739
261.436
-4.32484
82.4739
263.947
-5.76568
76.0462
262.566
-5.62145
76.0462
262.816
-5.90991
76.0462
262.816
-5.76568
76.0462
262.566
8.87708
48.6207
232.357
11.7772
48.6207
232.357
10.1737
54.4616
235.269
11.7772
48.6207
232.357
10.3271
50.1137
230.338
10.4622
54.4616
235.269
10.3271
50.1137
230.338
8.87708
48.6207
232.357
10.3179
54.6101
235.068
10.1737
54.4616
235.269
10.4622
54.4616
235.269
10.3179
54.6101
235.068
8.4581
46.8905
234.698
11.3582
46.8905
234.698
9.75471
52.7315
237.609
11.3582
46.8905
234.698
9.90815
48.3836
232.678
10.0432
52.7315
237.609
9.90815
48.3836
232.678
8.4581
46.8905
234.698
9.89894
52.88
237.408
9.75471
52.7315
237.609
10.0432
52.7315
237.609
9.89894
52.88
237.408
7.23518
45.3009
236.848
10.1353
45.3009
236.848
8.53178
51.1418
239.76
10.1353
45.3009
236.848
8.68523
46.7939
234.828
8.82025
51.1418
239.76
8.68523
46.7939
234.828
7.23518
45.3009
236.848
8.67602
51.2904
239.559
8.53178
51.1418
239.76
8.82025
51.1418
239.76
8.67602
51.2904
239.559
5.30763
43.9809
238.633
8.20773
43.9809
238.633
6.60424
49.8218
241.545
8.20773
43.9809
238.633
6.75768
45.4739
236.614
6.8927
49.8218
241.545
6.75768
45.4739
236.614
5.30763
43.9809
238.633
6.74847
49.9704
241.344
6.60424
49.8218
241.545
6.8927
49.8218
241.545
6.74847
49.9704
241.344
2.83202
42.3851
240.792
5.73212
42.3851
240.792
4.12862
48.226
243.704
5.73212
42.3851
240.792
4.28207
43.8781
238.773
4.41709
48.226
243.704
4.28207
43.8781
238.773
2.83202
42.3851
240.792
4.27285
48.3745
243.503
4.12862
48.226
243.704
4.41709
48.226
243.704
4.27285
48.3745
243.503
0.00938
41.4739
242.025
2.90948
41.4739
242.025
1.30599
47.3148
244.936
2.90948
41.4739
242.025
1.45943
42.9669
240.005
1.59445
47.3148
244.936
1.45943
42.9669
240.005
0.00938
41.4739
242.025
1.45022
47.4633
244.735
1.30599
47.3148
244.936
1.59445
47.3148
244.936
1.45022
47.4633
244.735
-2.93104
41.4773
242.02
-0.030935
41.4773
242.02
-1.63443
47.3182
244.932
-0.030935
41.4773
242.02
-1.48099
42.9703
240
-1.34597
47.3182
244.932
-1.48099
42.9703
240
-2.93104
41.4773
242.02
-1.4902
47.4667
244.731
-1.63443
47.3182
244.932
-1.34597
47.3182
244.932
-1.4902
47.4667
244.731
-5.75042
42.3042
240.901
-2.85032
42.3042
240.901
-4.45382
48.1451
243.813
-2.85032
42.3042
240.901
-4.30037
43.7972
238.882
-4.16536
48.1451
243.813
-4.30037
43.7972
238.882
-5.75042
42.3042
240.901
-4.30959
48.2937
243.612
-4.45382
48.1451
243.813
-4.16536
48.1451
243.813
-4.30959
48.2937
243.612
-8.21981
43.9966
238.612
-5.31971
43.9966
238.612
-6.9232
49.8376
241.524
-5.31971
43.9966
238.612
-6.76976
45.4897
236.593
-6.63474
49.8376
241.524
-6.76976
45.4897
236.593
-8.21981
43.9966
238.612
-6.77897
49.9861
241.323
-6.9232
49.8376
241.524
-6.63474
49.8376
241.524
-6.77897
49.9861
241.323
-10.1386
45.3211
236.821
-7.23855
45.3211
236.821
-8.84204
51.1621
239.732
-7.23855
45.3211
236.821
-8.6886
46.8142
234.801
-8.55358
51.1621
239.732
-8.6886
46.8142
234.801
-10.1386
45.3211
236.821
-8.69781
51.3106
239.531
-8.84204
51.1621
239.732
-8.55358
51.1621
239.732
-8.69781
51.3106
239.531
-11.3511
46.9136
234.666
-8.45099
46.9136
234.666
-10.0545
52.7545
237.578
-8.45099
46.9136
234.666
-9.90104
48.4066
232.647
-9.76602
52.7545
237.578
-9.90104
48.4066
232.647
-11.3511
46.9136
234.666
-9.91025
52.903
237.377
-10.0545
52.7545
237.578
-9.76602
52.7545
237.578
-9.91025
52.903
237.377
-11.7587
48.6447
232.325
-8.85858
48.6447
232.325
-10.4621
54.4856
235.236
-8.85858
48.6447
232.325
-10.3086
50.1377
230.305
-10.1736
54.4856
235.236
-10.3086
50.1377
230.305
-11.7587
48.6447
232.325
-10.3178
54.6342
235.036
-10.4621
54.4856
235.236
-10.1736
54.4856
235.236
-10.3178
54.6342
235.036
-2.56566
84.0966
266.927
-5.46576
84.0966
266.927
-3.86227
77.6689
265.796
-5.46576
84.0966
266.927
-4.01571
84.0966
264.416
-4.15073
77.6689
265.796
-4.01571
84.0966
264.416
-2.56566
84.0966
266.927
-4.0065
77.6689
265.547
-3.86227
77.6689
265.796
-4.15073
77.6689
265.796
-4.0065
77.6689
265.547
-7.54098
82.8804
256.841
-10.4411
82.8804
256.841
-8.83759
76.4526
255.71
-10.4411
82.8804
256.841
-8.99103
82.8804
254.33
-9.12605
76.4526
255.71
-8.99103
82.8804
254.33
-7.54098
82.8804
256.841
-8.98182
76.4526
255.461
-8.83759
76.4526
255.71
-9.12605
76.4526
255.71
-8.98182
76.4526
255.461
5.23355
84.0966
267.024
2.33345
84.0966
267.024
3.93694
77.6689
265.893
2.33345
84.0966
267.024
3.7835
84.0966
264.512
3.64848
77.6689
265.893
3.7835
84.0966
264.512
5.23355
84.0966
267.024
3.79271
77.6689
265.643
3.93694
77.6689
265.893
3.64848
77.6689
265.893
3.79271
77.6689
265.643
2.66005
84.6397
269.175
-0.240052
84.6397
269.175
1.36344
78.212
268.044
-0.240052
84.6397
269.175
1.21
84.6397
266.664
1.07498
78.212
268.044
1.21
84.6397
266.664
2.66005
84.6397
269.175
1.21921
78.212
267.795
1.36344
78.212
268.044
1.07498
78.212
268.044
1.21921
78.212
267.795
-7.16385
82.4739
259.485
-10.0639
82.4739
259.485
-8.46045
76.0462
258.355
-10.0639
82.4739
259.485
-8.61389
82.4739
256.974
-8.74891
76.0462
258.355
-8.61389
82.4739
256.974
-7.16385
82.4739
259.485
-8.60468
76.0462
258.105
-8.46045
76.0462
258.355
-8.74891
76.0462
258.355
-8.60468
76.0462
258.105
-7.54098
83.2129
252.586
-10.4411
83.2129
252.586
-8.83759
76.7852
251.455
-10.4411
83.2129
252.586
-8.99103
83.2129
250.074
-9.12605
76.7852
251.455
-8.99103
83.2129
250.074
-7.54098
83.2129
252.586
-8.98182
76.7852
251.205
-8.83759
76.7852
251.455
-9.12605
76.7852
251.455
-8.98182
76.7852
251.205
10.2171
83.2129
252.82
7.31699
83.2129
252.82
8.92048
76.7852
251.689
7.31699
83.2129
252.82
8.76704
83.2129
250.309
8.63202
76.7852
251.689
8.76704
83.2129
250.309
10.2171
83.2129
252.82
8.77625
76.7852
251.44
8.92048
76.7852
251.689
8.63202
76.7852
251.689
8.77625
76.7852
251.44